../.git/annex/objects/6V/8P/SHA256E-s14452--5cfbdccde5071c014c3531e49f0817738712047ccb470b19ad74180c59ac230e.tsv/SHA256E-s14452--5cfbdccde5071c014c3531e49f0817738712047ccb470b19ad74180c59ac230e.tsv