../.git/annex/objects/P7/7Q/SHA256E-s6266--9bfa8b1c64e18ce177e65b8d904d2002babbba150ea275258bc154e7360cae8d.tsv/SHA256E-s6266--9bfa8b1c64e18ce177e65b8d904d2002babbba150ea275258bc154e7360cae8d.tsv