../.git/annex/objects/0m/kF/SHA256E-s173141--d815e11241060b9038eda913fec3c817c9384041d8c59b566635489eeaca98e0.tsv/SHA256E-s173141--d815e11241060b9038eda913fec3c817c9384041d8c59b566635489eeaca98e0.tsv