../.git/annex/objects/3j/3F/SHA256E-s19732--85c507f50e0fb4fe03dc491431df1f8010a3e3cbcadec2fc56a1eea93c86e1ab.tsv/SHA256E-s19732--85c507f50e0fb4fe03dc491431df1f8010a3e3cbcadec2fc56a1eea93c86e1ab.tsv