../.git/annex/objects/XV/1j/SHA256E-s38931--3c49dc4c8fb575eb15c9707b6a6f673c1111df3dab41324ede26007fb1179aea.tsv/SHA256E-s38931--3c49dc4c8fb575eb15c9707b6a6f673c1111df3dab41324ede26007fb1179aea.tsv