../.git/annex/objects/pg/MZ/SHA256E-s115456--cc33941d372e3c772e376ad091567f787d4e230f7aff9f305d0d3b8ab5117bf8.tsv/SHA256E-s115456--cc33941d372e3c772e376ad091567f787d4e230f7aff9f305d0d3b8ab5117bf8.tsv