../.git/annex/objects/2J/30/SHA256E-s23482--7f871f5dd2342ffb4c69c845d86b57dc1005b1f433cc96866880ea617990897d.tsv/SHA256E-s23482--7f871f5dd2342ffb4c69c845d86b57dc1005b1f433cc96866880ea617990897d.tsv