../.git/annex/objects/Wj/xZ/SHA256E-s51172--bf15de059e952640374b224f71750660f49f1c984716b55381a9ca20faca9ca5.tsv/SHA256E-s51172--bf15de059e952640374b224f71750660f49f1c984716b55381a9ca20faca9ca5.tsv