../.git/annex/objects/FW/Zw/SHA256E-s16166--354748c3003e70b51f297bbd73ea17f368ff88c672e8f81e65dfb081b2d80761.tsv/SHA256E-s16166--354748c3003e70b51f297bbd73ea17f368ff88c672e8f81e65dfb081b2d80761.tsv