../.git/annex/objects/3x/mZ/SHA256E-s27270--eb13986f6bed1c6b0bfbfce2bb261af3557d8f494b876d4e2a868c297aac838e.tsv/SHA256E-s27270--eb13986f6bed1c6b0bfbfce2bb261af3557d8f494b876d4e2a868c297aac838e.tsv