../.git/annex/objects/4G/x6/SHA256E-s27361--56e0cbcc9679e782956bb1508eefc9e00267ef110c74aa830239a52e97b70dff.tsv/SHA256E-s27361--56e0cbcc9679e782956bb1508eefc9e00267ef110c74aa830239a52e97b70dff.tsv