../.git/annex/objects/9p/PP/SHA256E-s6215--7dba8c6c8b78d44465ed8fac4000499acb5f914eb3f78488152f6bac083e6382.tsv/SHA256E-s6215--7dba8c6c8b78d44465ed8fac4000499acb5f914eb3f78488152f6bac083e6382.tsv