../.git/annex/objects/F8/V4/SHA256E-s134757--9ba6c091f5253ace4ec4263a543aa68fad9670ca6c6d85891a82f754573ffc5c.tsv/SHA256E-s134757--9ba6c091f5253ace4ec4263a543aa68fad9670ca6c6d85891a82f754573ffc5c.tsv