../.git/annex/objects/jK/6f/SHA256E-s53931--eea2b15aa6124e2b30e97ffdaa89d3ffeac718183411b135065670c0dab4036d.tsv/SHA256E-s53931--eea2b15aa6124e2b30e97ffdaa89d3ffeac718183411b135065670c0dab4036d.tsv