../.git/annex/objects/15/0G/SHA256E-s2922--4597b8c9c707e6511a8d0eed44c5e858fa57991c24b2e787f97607d7feb26f1d.tsv/SHA256E-s2922--4597b8c9c707e6511a8d0eed44c5e858fa57991c24b2e787f97607d7feb26f1d.tsv