../.git/annex/objects/wz/11/SHA256E-s6232--a6c9c6584aca566f07b5bc99cbdf263ba41b65b710d0f0a2d145d9c409067cd3.tsv/SHA256E-s6232--a6c9c6584aca566f07b5bc99cbdf263ba41b65b710d0f0a2d145d9c409067cd3.tsv