../.git/annex/objects/W5/6v/SHA256E-s19963--b3c13d1469d3efd4b81995455e540e856fd13532558ba76a2499d2edcb2c7ef7.tsv/SHA256E-s19963--b3c13d1469d3efd4b81995455e540e856fd13532558ba76a2499d2edcb2c7ef7.tsv