../.git/annex/objects/xP/x4/SHA256E-s27284--8813b895e34f29cc520c5746c0e8e9c0e550904219b0d6a5d580f53757e5f7ed.tsv/SHA256E-s27284--8813b895e34f29cc520c5746c0e8e9c0e550904219b0d6a5d580f53757e5f7ed.tsv