../.git/annex/objects/9p/2F/SHA256E-s15522--87f2eac1e0d324c3b894b933cd838be24bee4bf18cc4e700cebfd8fab2e1a9c8.tsv/SHA256E-s15522--87f2eac1e0d324c3b894b933cd838be24bee4bf18cc4e700cebfd8fab2e1a9c8.tsv