../.git/annex/objects/Zf/50/SHA256E-s10002--165d8fe490f650af61d14e23fe5fdd312693f5d91e430babbda3e04cb186ac91.tsv/SHA256E-s10002--165d8fe490f650af61d14e23fe5fdd312693f5d91e430babbda3e04cb186ac91.tsv