../.git/annex/objects/MX/JV/SHA256E-s13453--8198dacf9d86aae544fba64e314ec125ae35b1c1846e7dbd0e5a9d6e038fcb4a.tsv/SHA256E-s13453--8198dacf9d86aae544fba64e314ec125ae35b1c1846e7dbd0e5a9d6e038fcb4a.tsv