../.git/annex/objects/F8/21/SHA256E-s13440--1450566f6e16e6a768171b9288acbe5cda5ef2b2884fd422fdc82c49259b926a.tsv/SHA256E-s13440--1450566f6e16e6a768171b9288acbe5cda5ef2b2884fd422fdc82c49259b926a.tsv