../.git/annex/objects/6m/jQ/SHA256E-s13468--8d1d2a40a856dfcb6cbd6ed0cf73b0e8432be2b7fd74c564c3207747c757828a.tsv/SHA256E-s13468--8d1d2a40a856dfcb6cbd6ed0cf73b0e8432be2b7fd74c564c3207747c757828a.tsv