../.git/annex/objects/p3/f1/SHA256E-s77034--f23f88f3c6fc9ce4b487d9e3b2a3ef0245cbb5f96752b264b7352d748f935e96.tsv/SHA256E-s77034--f23f88f3c6fc9ce4b487d9e3b2a3ef0245cbb5f96752b264b7352d748f935e96.tsv