../.git/annex/objects/6q/V2/SHA256E-s153395--9311052f4391586ff631f1fe1f42e422dfbd917a95122ecad183d4e7c5202378.tsv/SHA256E-s153395--9311052f4391586ff631f1fe1f42e422dfbd917a95122ecad183d4e7c5202378.tsv