../.git/annex/objects/J5/M3/SHA256E-s96894--677a2c05775f67f7d32156e1474dbc18267a91b1f9b2e5fc0374193349da5019.tsv/SHA256E-s96894--677a2c05775f67f7d32156e1474dbc18267a91b1f9b2e5fc0374193349da5019.tsv