../.git/annex/objects/V9/Jx/SHA256E-s6226--694f15f9e491bd9dc7fb3a80131fce1f8012557773ea6d5513412c8a4c9f1393.tsv/SHA256E-s6226--694f15f9e491bd9dc7fb3a80131fce1f8012557773ea6d5513412c8a4c9f1393.tsv