../.git/annex/objects/26/WJ/SHA256E-s172783--adf555f41604a790450e027373f6981bf02c8f0303fb78c5605448ef2f91df5e.tsv/SHA256E-s172783--adf555f41604a790450e027373f6981bf02c8f0303fb78c5605448ef2f91df5e.tsv