../.git/annex/objects/2J/76/SHA256E-s115519--eb2438ddffb63873f51026e4c327d4dc1d0642b09acbeec31e0821968afe4119.tsv/SHA256E-s115519--eb2438ddffb63873f51026e4c327d4dc1d0642b09acbeec31e0821968afe4119.tsv