../.git/annex/objects/Mf/X9/SHA256E-s23451--d5d32e377d80024e0afa1f0e09324f9579c6568a0c2e6d578ac7c26847bf497a.tsv/SHA256E-s23451--d5d32e377d80024e0afa1f0e09324f9579c6568a0c2e6d578ac7c26847bf497a.tsv