../.git/annex/objects/px/wW/SHA256E-s77109--8cbe31a03294b6a936ce0bad586750abf2e7b5041be93e62a556a3a1dfed3ed4.tsv/SHA256E-s77109--8cbe31a03294b6a936ce0bad586750abf2e7b5041be93e62a556a3a1dfed3ed4.tsv