../.git/annex/objects/qP/pf/SHA256E-s29531--0c7f2cae793651acaa0024bbcee7235a7f7ca75c35164136b94a8a081b3b2837.tsv/SHA256E-s29531--0c7f2cae793651acaa0024bbcee7235a7f7ca75c35164136b94a8a081b3b2837.tsv