../.git/annex/objects/Jf/4Q/SHA256E-s58119--b7ffaf49480bf027f62ad84ae5e0ee466c816e75aac5b3213f5b9b680480dea9.tsv/SHA256E-s58119--b7ffaf49480bf027f62ad84ae5e0ee466c816e75aac5b3213f5b9b680480dea9.tsv