../.git/annex/objects/2P/66/SHA256E-s77126--04d799cb10c8540e863771687399a8182b31af907d348e474d69aae36ab04d2f.tsv/SHA256E-s77126--04d799cb10c8540e863771687399a8182b31af907d348e474d69aae36ab04d2f.tsv