../.git/annex/objects/Pj/7q/SHA256E-s153640--302b00e6693951121130c6241e709824e589ad4eec50fbf9c375a24db42fe469.tsv/SHA256E-s153640--302b00e6693951121130c6241e709824e589ad4eec50fbf9c375a24db42fe469.tsv