../.git/annex/objects/wM/Z6/SHA256E-s52094--b2217bfaa948eb1fd20f6fbcba12c42d42e5ad7ba04dbc422bad1d4e23e1279d.tsv/SHA256E-s52094--b2217bfaa948eb1fd20f6fbcba12c42d42e5ad7ba04dbc422bad1d4e23e1279d.tsv