../.git/annex/objects/gM/0Z/SHA256E-s29572--92baa732e7ae44c0686e5c44b21a39be62a3e165706746368b37ce52f41c1d02.tsv/SHA256E-s29572--92baa732e7ae44c0686e5c44b21a39be62a3e165706746368b37ce52f41c1d02.tsv