../.git/annex/objects/K3/2x/SHA256E-s23491--803b4c0efe76fbedae70101c0a65f0fdd26af4dd09e41922e14335169f043b7a.tsv/SHA256E-s23491--803b4c0efe76fbedae70101c0a65f0fdd26af4dd09e41922e14335169f043b7a.tsv