../.git/annex/objects/ZV/gg/SHA256E-s15821--cc84fbfaf01078a3cc4bd2b1bc0f89a798b6879829293a0f886a328100718ba6.tsv/SHA256E-s15821--cc84fbfaf01078a3cc4bd2b1bc0f89a798b6879829293a0f886a328100718ba6.tsv