../.git/annex/objects/5p/q5/SHA256E-s97061--a6b2f5014f235e1bdf33d62fb1c3478efe7eca8e4b19aaf62e41ee2357e8506c.tsv/SHA256E-s97061--a6b2f5014f235e1bdf33d62fb1c3478efe7eca8e4b19aaf62e41ee2357e8506c.tsv