../.git/annex/objects/54/z7/SHA256E-s2906--efececef1cfd411a298abdc13f7e95917248a55f8a1614121b44edf71bd1ad17.tsv/SHA256E-s2906--efececef1cfd411a298abdc13f7e95917248a55f8a1614121b44edf71bd1ad17.tsv