../.git/annex/objects/Kx/pv/SHA256E-s6219--90215e87bf0f9b92cb46fa782e2f74c356883bbff6e569137c66518d8396145a.tsv/SHA256E-s6219--90215e87bf0f9b92cb46fa782e2f74c356883bbff6e569137c66518d8396145a.tsv