../.git/annex/objects/Wj/zq/SHA256E-s51120--13375d2daf4c937e50b0ec3b973212c31c6f3c9bbdb188afdf92eb59f987d512.tsv/SHA256E-s51120--13375d2daf4c937e50b0ec3b973212c31c6f3c9bbdb188afdf92eb59f987d512.tsv