../.git/annex/objects/3f/wv/SHA256E-s134334--2ad17d9b291ebfcca51099bdd6ddcd2278dedeb8d8b41724090da3832f17d7d5.tsv/SHA256E-s134334--2ad17d9b291ebfcca51099bdd6ddcd2278dedeb8d8b41724090da3832f17d7d5.tsv