../.git/annex/objects/xj/w8/SHA256E-s115427--50fe75a94970bfbda1c559b83c51b88b72b3d6ecd488117d1cd7ba2cf39fcac7.tsv/SHA256E-s115427--50fe75a94970bfbda1c559b83c51b88b72b3d6ecd488117d1cd7ba2cf39fcac7.tsv