../.git/annex/objects/Kp/ZK/SHA256E-s52303--032204bc7c6b6cb141135ebf51dfbdd307b3c721ad5149cf1c17418c56d069b8.tsv/SHA256E-s52303--032204bc7c6b6cb141135ebf51dfbdd307b3c721ad5149cf1c17418c56d069b8.tsv