../.git/annex/objects/3j/j5/SHA256E-s96506--6e856d961ffc21c7852d9c9dcbb0b385b270b1cdedd24a80e08b4f1393ee4c2f.tsv/SHA256E-s96506--6e856d961ffc21c7852d9c9dcbb0b385b270b1cdedd24a80e08b4f1393ee4c2f.tsv